,longitude,latitude,open,high,low,close,volume
longitude,1.0,-0.23424154477044923,-0.0262694862589274,-0.023245830988780893,-0.029161741438493042,-0.025970736501857217,0.02810603956610374
latitude,-0.23424154477044923,1.0,-0.008228047693800814,-0.009825590165595954,-0.007175660408280518,-0.009287082036430395,-0.0022864575973810535
open,-0.0262694862589274,-0.008228047693800814,1.0,0.9979282946448603,0.9978780253708547,0.9968775053289701,-0.009063804468366337
high,-0.023245830988780893,-0.009825590165595954,0.9979282946448603,1.0,0.9958244196276173,0.9980251703831924,0.018965581946567507
low,-0.029161741438493042,-0.007175660408280518,0.9978780253708547,0.9958244196276173,1.0,0.9980352234477963,-0.03593703358621542
close,-0.025970736501857217,-0.009287082036430395,0.9968775053289701,0.9980251703831924,0.9980352234477963,1.0,-0.007586769333958064
volume,0.02810603956610374,-0.0022864575973810535,-0.009063804468366337,0.018965581946567507,-0.03593703358621542,-0.007586769333958064,1.0
