,longitude,latitude,open,high,low,close,volume
longitude,1.0,-0.29218291969479565,0.018688228580476543,0.02185816184939986,0.018798204902360477,0.021124821102574017,0.013814565333325361
latitude,-0.29218291969479565,1.0,0.009474528533123664,0.007445571743255085,0.009467386582513051,0.006127406922752101,0.002070086011253025
open,0.018688228580476543,0.009474528533123664,1.0,0.9964336869899575,0.995843481021446,0.9943401432717104,0.10653330121623156
high,0.02185816184939986,0.007445571743255085,0.9964336869899575,1.0,0.9927228986636359,0.9966725991025901,0.14127240579777278
low,0.018798204902360477,0.009467386582513051,0.995843481021446,0.9927228986636359,1.0,0.9966163019624676,0.07939024258674587
close,0.021124821102574017,0.006127406922752101,0.9943401432717104,0.9966725991025901,0.9966163019624676,1.0,0.11444409116754665
volume,0.013814565333325361,0.002070086011253025,0.10653330121623156,0.14127240579777278,0.07939024258674587,0.11444409116754665,1.0
