,longitude,latitude,open,high,low,close,volume
longitude,1.0,0.3020363974363593,0.02002692677286124,0.01987415189311751,0.019475640934953697,0.020023655263701434,0.01159388751635079
latitude,0.3020363974363593,1.0,1.1422118216205394e-06,-0.00031617954243519624,-4.004760687684758e-05,-0.0002738288453057196,-0.04760084203374944
open,0.02002692677286124,1.1422118216205394e-06,1.0,0.9996594584836156,0.9998176490532344,0.9997588818155931,0.0391253650841957
high,0.01987415189311751,-0.00031617954243519624,0.9996594584836156,1.0,0.9994950212629161,0.999657844856467,0.045559004475701284
low,0.019475640934953697,-4.004760687684758e-05,0.9998176490532344,0.9994950212629161,1.0,0.9998443079932594,0.028982801750887632
close,0.020023655263701434,-0.0002738288453057196,0.9997588818155931,0.999657844856467,0.9998443079932594,1.0,0.038284400985462104
volume,0.01159388751635079,-0.04760084203374944,0.0391253650841957,0.045559004475701284,0.028982801750887632,0.038284400985462104,1.0
